#----------------------------------------------------------------------------
# Puzzle saved on: 2025-06-20 11:00:44
# Comment: balls
#----------------------------------------------------------------------------
SBN Format:      661e24QbKGbZL600005G5W1000~h:42023202310221022202230233023321:8
Web Task Format: 1,1,1,1,1,2,1,1,1,1,1,2,3,3,3,3,4,2,3,3,5,5,4,4,3,3,5,5,6,6,3,5,5,6,6,600005G5W1000~h:42023202310221022202230233023321:8

#----------------------------------------------------------------------------
# Puzzle saved on: 2025-06-20 15:40:07
# Comment: 5x5
#----------------------------------------------------------------------------
SBN Format:      551e4sSA5Te50L1OLG00~h:130212020202010211022102220232023302310230022301:C
Web Task Format: 1,1,2,2,2,3,1,2,2,4,3,5,5,5,4,3,5,4,4,4,3,3,3,4,450L1OLG00~h:130212020202010211022102220232023302310230022301:C

#----------------------------------------------------------------------------
# Puzzle saved on: 2025-06-20 15:40:25
# Comment: 6x6
#----------------------------------------------------------------------------
SBN Format:      661eafIc410fnZ00bG5G1G5O00~h:2302130212021102210222023202330243024202410244011001:D
Web Task Format: 1,2,2,2,3,3,1,1,2,2,3,3,1,1,2,2,3,3,1,1,4,4,3,3,1,1,4,5,5,5,1,1,1,6,6,600bG5G1G5O00~h:2302130212021102210222023202330243024202410244011001:D

#----------------------------------------------------------------------------
# Puzzle saved on: 2025-06-20 15:41:20
# Comment: 8x8
#----------------------------------------------------------------------------
SBN Format:      881e15n96WGM2X5In8qKgbK0K0550Ga8K0051GK1L000W~h:26021602150204020302130212022202330234024502460256025502650264026302620252025102310177012501:N
Web Task Format: 1,1,1,1,2,2,2,2,1,3,3,1,2,4,4,4,3,3,5,5,5,4,4,4,3,5,5,5,5,4,5,5,3,5,5,5,5,5,5,5,3,5,5,5,5,5,5,6,7,7,8,6,6,6,6,6,7,7,8,8,6,6,6,60K0550Ga8K0051GK1L000W~h:26021602150204020302130212022202330234024502460256025502650264026302620252025102310177012501:N

#----------------------------------------------------------------------------
# Puzzle saved on: 2025-06-20 15:41:37
# Comment: 10x10
#----------------------------------------------------------------------------
SBN Format:      AA2eD2aKaY5CfYgHA2G61KYOGD1chnI6GG00001LG1G80K000K00XG04K01K20200000~h:16021502140213021202220221023102320243024402540255026502640274027302720262022601780184015201:N
Web Task Format: 1,1,1,2,3,3,4,4,4,4,1,1,2,2,3,3,3,4,4,4,1,1,2,2,3,3,3,4,4,4,1,2,2,2,5,5,5,5,4,4,2,2,2,2,6,6,5,5,5,4,7,8,8,8,6,6,9,9,9,10,7,8,8,8,8,6,6,9,9,10,7,7,8,8,8,9,9,9,9,10,7,7,7,8,8,10,10,10,10,10,7,7,8,8,8,10,10,10,10,1000001LG1G80K000K00XG04K01K20200000~h:16021502140213021202220221023102320243024402540255026502640274027302720262022601780184015201:N

#----------------------------------------------------------------------------
# Puzzle saved on: 2025-06-20 15:42:11
# Comment: nvm
#----------------------------------------------------------------------------
SBN Format:      EE3W643z3DvAPG19f6GbDh793XnHIm44uX1209QAIjXRmGmA4GZ6gmZ8Le9t8Xw8c
Web Task Format: 1,1,2,3,3,3,3,3,4,4,4,4,4,4,1,1,2,3,2,3,1,3,3,4,4,4,4,4,5,1,2,2,2,3,1,1,3,4,6,4,4,4,5,1,1,1,3,3,1,1,1,4,6,6,6,4,5,5,1,1,1,1,1,1,1,1,1,1,6,6,5,5,7,7,7,8,1,1,9,9,9,6,6,6,5,5,7,8,8,8,9,9,9,9,9,6,6,6,10,7,7,8,8,8,9,11,11,9,12,12,6,6,10,7,8,8,8,8,9,11,12,12,12,13,13,13,10,8,8,8,8,8,9,11,12,12,12,12,12,13,10,11,8,8,8,8,11,11,12,12,12,12,13,13,10,11,11,11,8,8,11,12,12,12,12,12,12,12,10,10,11,11,11,11,11,11,12,12,12,14,12,14,10,10,10,10,11,11,11,11,11,14,14,14,14,14

#----------------------------------------------------------------------------
# Puzzle saved on: 2025-06-20 15:42:23
# Comment: 14x14
#----------------------------------------------------------------------------
SBN Format:      EE3e643z3DvAPG19f6GbDh793XnHIm44uX1209QAIjXRmGmA4GZ6gmZ8Le9t8Xw8c00000000000LLG01W9G040000G0001G0001GW00100GLK00K000000000000000000~h:3C023B022B022A02290228022702260225023502450255026502660276027702870297029602950294029302A202A10290023A017A013601:S
Web Task Format: 1,1,2,3,3,3,3,3,4,4,4,4,4,4,1,1,2,3,2,3,1,3,3,4,4,4,4,4,5,1,2,2,2,3,1,1,3,4,6,4,4,4,5,1,1,1,3,3,1,1,1,4,6,6,6,4,5,5,1,1,1,1,1,1,1,1,1,1,6,6,5,5,7,7,7,8,1,1,9,9,9,6,6,6,5,5,7,8,8,8,9,9,9,9,9,6,6,6,10,7,7,8,8,8,9,11,11,9,12,12,6,6,10,7,8,8,8,8,9,11,12,12,12,13,13,13,10,8,8,8,8,8,9,11,12,12,12,12,12,13,10,11,8,8,8,8,11,11,12,12,12,12,13,13,10,11,11,11,8,8,11,12,12,12,12,12,12,12,10,10,11,11,11,11,11,11,12,12,12,14,12,14,10,10,10,10,11,11,11,11,11,14,14,14,14,1400000000000LLG01W9G040000G0001G0001GW00100GLK00K000000000000000000~h:3C023B022B022A02290228022702260225023502450255026502660276027702870297029602950294029302A202A10290023A017A013601:S

#----------------------------------------------------------------------------
# Puzzle saved on: 2025-06-20 15:42:42
# Comment: 17x17
#----------------------------------------------------------------------------
SBN Format:      HH4e41GW5OH7l8UneeIbg2Imed1HUoJZPgI0fXY-5RpzgNYXY0a0CW2OaXKWHYZ63SGzYV1HYHPWHYK68b68nr3WCa2W0100000000000000000001LG00041G000G00001GW0001G00021G00001G000010W0G0K001G50000LG80000000000000000000~h:4A024902390238023702360235024502550265026602760277028702880298029902A902B902B802C802C702D702D602D502D402C302C202B2026901AD018401DB01:X
Web Task Format: 1,1,2,2,2,2,2,2,2,2,3,3,4,4,4,4,4,1,2,2,2,2,2,2,2,2,2,3,3,4,4,5,4,4,1,1,1,1,2,2,2,2,3,3,3,3,6,4,5,4,4,7,1,7,1,2,2,2,3,3,3,3,3,6,4,5,4,4,7,1,7,7,7,7,8,3,3,6,6,6,6,5,5,4,4,7,7,7,7,8,8,8,3,3,9,9,9,6,6,5,4,4,10,7,7,8,8,8,8,8,8,9,9,9,5,5,5,4,4,10,7,8,8,8,8,8,11,11,9,9,9,9,5,5,5,4,10,7,8,8,8,8,8,8,11,11,9,9,9,9,5,5,4,10,7,8,7,7,8,11,11,11,12,12,12,9,9,9,13,4,10,7,7,7,7,8,12,12,11,12,12,12,9,12,12,13,13,10,7,7,7,14,14,14,12,12,12,12,12,12,12,12,13,13,10,7,7,7,14,12,12,12,12,12,15,12,12,12,12,13,13,10,7,16,7,14,12,12,12,12,12,15,15,12,12,15,13,13,10,7,16,7,14,14,14,12,17,12,17,15,12,12,15,13,13,10,16,16,7,7,7,12,12,17,12,17,15,15,15,15,13,13,10,16,16,16,16,16,12,17,17,17,17,13,13,13,13,13,130000000000000000001LG00041G000G00001GW0001G00021G00001G000010W0G0K001G50000LG80000000000000000000~h:4A024902390238023702360235024502550265026602760277028702880298029902A902B902B802C802C702D702D602D502D402C302C202B2026901AD018401DB01:X

#----------------------------------------------------------------------------
# Puzzle saved on: 2025-06-20 15:42:56
# Comment: 21x21
#----------------------------------------------------------------------------
SBN Format:      LL5e2A6HG_y93y30IGK4mY106am2JvamfdY5mf0twGR0J3a2IuGae4FGWfKC4B3149KXuAK8GG0W20AH02YG3m4CdIqV2Iz12VuGQ64c19W05e52aXWMPoI123C68j1G6e8Ao2io8N91S0mG000000000000000000000005K00001G9G0001005G004000G004000000500000012000000G008000K0000004000000400005LK020001G000000000000000000000000000000000000000~h:6F025F025E025D024C024B023A0239023802370246024502550264027402840285029502A602B602B702C702D702E702E602F602F502E502E402E302E202E1029801EE01AG014A01:a
Web Task Format: 1,1,1,1,1,2,2,2,2,3,3,4,4,4,4,4,5,6,6,6,5,1,1,1,1,2,2,3,3,3,3,3,4,3,4,5,4,5,6,5,6,5,1,1,1,1,1,2,2,2,3,3,3,3,3,4,5,4,5,6,5,5,5,1,1,1,1,1,2,3,3,3,3,3,3,3,3,5,5,5,6,6,6,5,1,1,1,1,1,1,7,7,3,3,3,3,3,3,5,5,5,6,5,5,5,1,1,1,7,7,7,7,3,3,3,3,3,3,3,5,5,5,5,5,5,5,1,1,1,1,7,8,8,9,9,9,3,3,3,10,5,5,5,5,5,5,5,11,11,11,7,7,7,8,8,8,9,3,10,3,10,10,10,5,10,10,10,5,11,11,11,12,8,8,8,8,8,9,9,10,10,10,13,10,10,10,13,10,5,11,12,12,12,12,8,8,8,8,8,9,9,10,14,13,13,13,13,13,10,10,11,12,12,12,8,8,8,8,8,8,8,9,14,14,13,15,13,15,13,15,15,11,12,12,12,8,8,8,8,8,8,16,9,9,14,15,15,15,15,15,15,15,11,11,12,12,12,8,16,16,16,16,16,14,9,14,14,14,15,15,15,15,15,11,11,11,12,12,12,16,16,16,17,17,14,9,14,14,14,14,14,15,15,15,11,11,11,12,12,12,16,16,16,17,17,14,14,14,14,14,14,14,15,15,15,11,11,11,12,18,12,16,16,17,17,17,17,17,14,14,14,14,14,14,15,15,11,19,19,19,18,18,16,16,17,17,17,17,17,20,14,14,14,14,14,14,21,19,19,19,19,19,18,18,16,17,17,17,17,17,20,14,14,14,14,14,14,21,19,19,19,19,18,18,18,18,18,17,17,17,20,20,21,21,14,14,14,21,21,19,19,19,19,18,17,18,17,17,17,17,17,17,20,20,21,21,21,14,14,21,19,19,19,19,19,17,17,17,17,17,20,20,20,20,20,20,21,21,21,21,21000000000000000000000005K00001G9G0001005G004000G004000000500000012000000G008000K0000004000000400005LK020001G000000000000000000000000000000000000000~h:6F025F025E025D024C024B023A0239023802370246024502550264027402840285029502A602B602B702C702D702E702E602F602F502E502E402E302E202E1029801EE01AG014A01:a

#----------------------------------------------------------------------------
# Puzzle saved on: 2025-06-20 15:43:22
# Comment: 25x25
#----------------------------------------------------------------------------
SBN Format:      PP6e20GW089W0M9W0ACcFyvFfmPCqJP0fh3mnWTe1uGGU8Ue5e5I5GHGHa4e7OYGWaI4GC9G0a2y6G1KF42fNgTGaWnGX0EW0W300GH024220CE81ouG54uW2YH4aa8CXYWcaLVnwvdm8GveMG4O30482G484GS4WpuL1j-BDqELD2LaWAoI4k1a4HzG1FEW8F0W2C0W4C0G008000000000000000000000000000000000020000080000000000000000005LK00000500K000850000000120000000G0W00000100000080400000001G0000008100000000K0000000100000000G00005LLG000000000000000000000000000000000000000000000~h:8K028J027I027H027G027F027E027D027C028C028B029B029A02AA02BA02CB02DC02EC02ED02FE02GE02GF02HF02IF02JE02JD02JC02JB02JA02J902J802J702J6020701BG019701FA01AD014D015501D601:f
Web Task Format: 1,1,1,1,1,2,2,2,2,2,2,2,2,2,3,3,3,3,3,4,4,4,4,4,4,1,1,1,1,1,1,1,1,1,2,2,2,2,2,2,3,3,3,5,4,4,4,4,4,4,1,1,1,1,1,1,1,1,2,2,6,2,2,2,2,3,3,3,5,4,4,4,4,4,4,1,1,1,1,1,1,1,1,1,6,6,2,2,2,2,3,5,5,5,4,4,4,5,4,4,1,1,1,7,1,7,1,7,1,6,2,2,2,6,2,3,3,3,5,5,5,4,5,4,5,8,1,1,7,7,7,1,7,6,6,6,6,6,6,2,3,3,3,5,5,5,4,5,5,5,8,1,8,8,7,7,7,7,6,6,6,9,6,6,2,10,10,10,5,5,5,5,5,5,5,8,1,1,8,8,8,11,7,7,6,6,9,6,6,6,6,6,10,5,12,5,5,5,5,5,8,1,8,8,8,8,11,9,9,9,9,9,9,9,10,6,10,10,5,12,12,5,5,5,5,8,8,8,8,8,8,11,9,11,9,9,9,9,9,10,10,10,10,10,10,12,12,12,12,12,13,13,8,13,8,11,11,11,11,9,9,9,9,9,10,9,14,10,10,12,12,15,15,15,15,13,13,13,13,11,11,16,11,11,9,9,9,9,9,9,9,14,14,17,17,12,12,12,15,15,13,13,13,13,11,11,16,16,9,9,9,9,9,9,14,14,14,14,17,17,15,15,15,15,15,13,13,11,11,11,11,18,16,16,16,9,9,9,9,9,9,14,14,14,17,17,15,15,15,15,13,13,13,13,18,11,18,18,16,9,9,9,9,14,14,14,14,17,17,17,15,15,15,15,15,13,18,18,18,18,18,18,16,16,16,9,9,9,9,19,19,19,17,17,17,17,17,15,15,15,13,13,18,18,18,18,18,18,18,16,19,19,19,19,19,20,20,20,17,17,15,15,15,15,15,18,18,18,18,18,18,18,16,16,16,19,19,19,19,19,19,19,20,20,17,15,21,15,15,15,18,18,18,18,22,18,18,18,19,19,19,19,19,19,19,19,19,19,20,20,21,21,15,15,15,18,18,18,23,22,18,22,22,22,22,19,19,19,19,19,19,19,20,20,21,21,24,24,24,15,18,18,23,23,22,18,22,25,25,22,22,19,19,19,20,19,20,20,21,21,24,24,24,24,24,18,23,23,23,22,22,22,25,25,25,25,25,25,19,20,20,20,20,21,21,24,24,24,24,24,18,23,23,23,23,23,25,25,25,25,25,25,25,25,25,20,25,21,21,24,24,24,24,24,24,23,23,23,23,23,23,23,25,25,25,25,25,25,25,25,25,25,21,24,24,24,24,24,24,24,23,23,23,23,23,23,23,23,25,25,25,25,25,25,21,21,21,21,24,24,24,24,24,24,24008000000000000000000000000000000000020000080000000000000000005LK00000500K000850000000120000000G0W00000100000080400000001G0000008100000000K0000000100000000G00005LLG000000000000000000000000000000000000000000000~h:8K028J027I027H027G027F027E027D027C028C028B029B029A02AA02BA02CB02DC02EC02ED02FE02GE02GF02HF02IF02JE02JD02JC02JB02JA02J902J802J702J6020701BG019701FA01AD014D015501D601:f

#----------------------------------------------------------------------------
# Puzzle saved on: 2025-06-20 16:40:56
# Comment: PlEASE
#----------------------------------------------------------------------------
SBN Format:      551e8evHQjKLcLLbLPbG~h:0102110220023002400232022302420233022402120231020202220121021302340143024402140204020301000210014101:P
Web Task Format: 1,2,2,2,2,1,3,3,2,2,3,3,3,4,5,3,4,4,4,5,4,4,5,5,5LcLLbLPbG~h:0102110220023002400232022302420233022402120231020202220121021302340143024402140204020301000210014101:P

#----------------------------------------------------------------------------
# Puzzle saved on: 2025-06-20 21:12:46
# Comment: N/A
#----------------------------------------------------------------------------
SBN Format:      551e9EgPDm4001G40G00~h:1402130223023302:4
Web Task Format: 1,2,2,2,3,1,1,1,2,3,4,5,5,2,2,4,5,5,2,2,4,4,5,2,2001G40G00~h:1402130223023302:4

#----------------------------------------------------------------------------
# Puzzle saved on: 2025-06-21 14:34:20
# Comment: Star on far right was super cool: I did this to solve it!
#----------------------------------------------------------------------------
SBN Format:      881e0WL8MM73GXGeQAKC-eq1K0LL5bLLMLLLbPL1LLLbG~h:1602240215025502560257026702770276027502650266023602740164026302730272027102700254024402340214020402510252025002400241025301420243026202330223021302030222011202110221023102320220022502260227023501450246023702300202024701170207020601050201020002100160026101:t
Web Task Format: 1,1,1,1,1,2,2,2,1,1,1,1,1,3,3,2,4,4,5,5,5,3,3,3,4,4,4,5,5,3,6,6,7,7,4,4,5,6,6,6,7,7,7,4,5,8,8,8,7,7,7,4,5,5,8,8,7,7,7,7,8,8,8,81K0LL5bLLMLLLbPL1LLLbG~h:1602240215025502560257026702770276027502650266023602740164026302730272027102700254024402340214020402510252025002400241025301420243026202330223021302030222011202110221023102320220022502260227023501450246023702300202024701170207020601050201020002100160026101:t

#----------------------------------------------------------------------------
# Puzzle saved on: 2025-06-21 15:36:32
# Comment: Crazy Multipgroup with 2x2 rule to findLook at 5 left cols for 10 stars: 2 stars in bottom left section, 2 in green section, 2 in small L shaped orange section. So 4 are left...Since there is a 2x2 rule on 6-7 col it forces at least 1 star outside of the the 5 columns with regard to the yellow and red region. This means There is a max of 3 stars that could fit inside the red/yellow region. This would force a star into the 5 col 2 cells left. Or there could be 2 stars in the yellow/red region and force 2 stars into the 2 cells. Regardless it forces stars into those cells that are close enough to place a X in the spot next ot them because that spot would eliminate both canadites!
#----------------------------------------------------------------------------
SBN Format:      AA2e01FYztjxhQRZMv2WMImT4bkY3K9WC0000500G00KK4L014HG10000L0G01LHKP05~h:930292029321931092219102810282028302930216022602360246022502350208029802090244023402320242025402840228026702730287028802890299022902480249026802690285018510850185108502:g
Web Task Format: 1,1,1,1,1,1,1,1,1,1,2,2,2,3,3,3,1,4,5,6,2,3,3,3,3,1,1,4,5,6,2,3,3,7,3,1,1,4,5,6,2,3,3,7,8,8,1,4,5,6,2,2,3,7,8,8,4,4,5,6,2,2,3,7,7,8,8,8,5,6,2,2,3,9,8,8,8,8,5,6,10,10,9,9,8,9,9,8,5,6,10,10,10,9,9,9,9,9,6,6000500G00KK4L014HG10000L0G01LHKP05~h:930292029321931092219102810282028302930216022602360246022502350208029802090244023402320242025402840228026702730287028802890299022902480249026802690285018510850185108502:g

#----------------------------------------------------------------------------
# Puzzle saved on: 2025-06-21 15:45:11
# Comment: Continuation of the other saved puzzle, crazy solve usintons of 2x2s!
#----------------------------------------------------------------------------
SBN Format:      AA2e01FYztjxhQRZMv2WMImT4bkY3K9WC01bPLLLPfPLLLLcLcLMLLbLcLMLMPLPLPbL~h:930292029321931092219102810282028302930216022602360246022502350208029802090244023402320242025402840228026702730287028802890299022902480249026802690285018510850185108502860175027602770295029602970294018001700271029002630256020701071007024501451045015502720174026102620252022202120202023801381038023901210231024102130214021502330243015302400247026401650266015702170137011901180227021102100206020501040203025002600200020101510159027902580178012402230120013002:0
Web Task Format: 1,1,1,1,1,1,1,1,1,1,2,2,2,3,3,3,1,4,5,6,2,3,3,3,3,1,1,4,5,6,2,3,3,7,3,1,1,4,5,6,2,3,3,7,8,8,1,4,5,6,2,2,3,7,8,8,4,4,5,6,2,2,3,7,7,8,8,8,5,6,2,2,3,9,8,8,8,8,5,6,10,10,9,9,8,9,9,8,5,6,10,10,10,9,9,9,9,9,6,61bPLLLPfPLLLLcLcLMLLbLcLMLMPLPLPbL~h:930292029321931092219102810282028302930216022602360246022502350208029802090244023402320242025402840228026702730287028802890299022902480249026802690285018510850185108502860175027602770295029602970294018001700271029002630256020701071007024501451045015502720174026102620252022202120202023801381038023901210231024102130214021502330243015302400247026401650266015702170137011901180227021102100206020501040203025002600200020101510159027902580178012402230120013002:0

#----------------------------------------------------------------------------
# Puzzle saved on: 2025-06-22 08:01:09
# Comment: Place 2 Xs in col 4, row 5/6 from top. Via multi group & 2x2 rule on the top 4 rows to know that 2 stars are from the blue and red section in top left. The other 2 have a small area that would be too blocked off if stars were placed in that spot!
#----------------------------------------------------------------------------
SBN Format:      AA2e4MhuSBsH1E2hIwK348FZeQpebqi7C400000KKG0141KH0G00400000000000G000~h:160217022702370229023902190288023302340213021402350243025302:F
Web Task Format: 1,1,1,1,2,2,2,2,3,3,1,4,1,1,2,2,5,5,3,6,1,4,1,5,5,5,5,5,3,6,1,4,4,4,4,4,5,5,3,6,1,4,7,7,4,7,7,7,6,6,4,4,4,7,7,7,7,7,7,6,8,8,8,9,7,6,6,6,6,6,8,8,9,9,6,6,10,10,6,10,8,8,9,9,9,6,6,10,6,10,8,8,9,9,9,6,6,10,10,1000000KKG0141KH0G00400000000000G000~h:160217022702370229023902190288023302340213021402350243025302:F

#----------------------------------------------------------------------------
# Puzzle saved on: 2025-06-22 08:08:55
# Comment: Place an X in col 2 row 4 from top. bc of the same multiplee group and 2xPlace an X on col 2 row 4 from top bc of multi group and and 2x2s in top 4 rows and the dynamic of the red and blu section onnthe top left. If you place a star in the blue section, it blocks the single red section in the bottom left which forces 2 blue star in the blue section below the 2 rows but you just placed one in the blue which is a contradiction!
#----------------------------------------------------------------------------
SBN Format:      AA2e4MhuSBsH1E2hIwK348FZeQpebqi7C400000KKG014HKH0G00400000000000G000~h:1602170227023702290239021902880233023402130214023502430253023102:G
Web Task Format: 1,1,1,1,2,2,2,2,3,3,1,4,1,1,2,2,5,5,3,6,1,4,1,5,5,5,5,5,3,6,1,4,4,4,4,4,5,5,3,6,1,4,7,7,4,7,7,7,6,6,4,4,4,7,7,7,7,7,7,6,8,8,8,9,7,6,6,6,6,6,8,8,9,9,6,6,10,10,6,10,8,8,9,9,9,6,6,10,6,10,8,8,9,9,9,6,6,10,10,1000000KKG014HKH0G00400000000000G000~h:1602170227023702290239021902880233023402130214023502430253023102:G

#----------------------------------------------------------------------------
# Puzzle saved on: 2025-06-22 08:14:23
# Comment: Place an X at row 5 fro top and col 3 from the right. Because I know from multi group and 2x2s in top 4 rows that only one star can go in the 3 and 4 rows from top in the left 2x3 region. So if I were to do anything that forces 2 stars in that section than it fails! If I were to place a star in that X spot it would cause 2 stars in the 1 star section.
#----------------------------------------------------------------------------
SBN Format:      AA2e4MhuSBsH1E2hIwK348FZeQpebqi7C400000KKG014HKH0G40400000000000G000~h:16021702270237022902390219028802330234021302140235024302530231024702:H
Web Task Format: 1,1,1,1,2,2,2,2,3,3,1,4,1,1,2,2,5,5,3,6,1,4,1,5,5,5,5,5,3,6,1,4,4,4,4,4,5,5,3,6,1,4,7,7,4,7,7,7,6,6,4,4,4,7,7,7,7,7,7,6,8,8,8,9,7,6,6,6,6,6,8,8,9,9,6,6,10,10,6,10,8,8,9,9,9,6,6,10,6,10,8,8,9,9,9,6,6,10,10,1000000KKG014HKH0G40400000000000G000~h:16021702270237022902390219028802330234021302140235024302530231024702:H

#----------------------------------------------------------------------------
# Puzzle saved on: 2025-06-22 08:33:27
# Comment: Placed an X col 2 row to from top. Useing multigroup and 2x2s to show how stuff about the top left red and blue region. you cant place a star there because it forces only 2 spots left for red and one of them is inside the same region that can only have 1 star.
#----------------------------------------------------------------------------
SBN Format:      AA2e4MhuSBsH1E2hIwK348FZeQpebqi7C400004KKG014HKH0G40400000000000G000~h:160217022702370229023902190288023302340213021402350243025302310247021102:I
Web Task Format: 1,1,1,1,2,2,2,2,3,3,1,4,1,1,2,2,5,5,3,6,1,4,1,5,5,5,5,5,3,6,1,4,4,4,4,4,5,5,3,6,1,4,7,7,4,7,7,7,6,6,4,4,4,7,7,7,7,7,7,6,8,8,8,9,7,6,6,6,6,6,8,8,9,9,6,6,10,10,6,10,8,8,9,9,9,6,6,10,6,10,8,8,9,9,9,6,6,10,10,1000004KKG014HKH0G40400000000000G000~h:160217022702370229023902190288023302340213021402350243025302310247021102:I

#----------------------------------------------------------------------------
# Puzzle saved on: 2025-06-23 22:24:18
# Comment: yo this is cool
#----------------------------------------------------------------------------
SBN Format:      AA2eH24GWWAIYgfe1480W9B9ZFfbiXeD1a1bMLLPMPbLLLPbLbLbLcLbLMLbbPLLbPbL~h:9602970298029902900282028402690159025802680278026912692169106902692179023802390246024702440245022402250226022702330232023102300242027402670264026202720254025421541041024002500251026002100211024301520253025402340235013701280248023602490129021902090206010502150216021702070288017702870289027502850257015602660255016502830293022302130203022201120221022001140104020202180108029502940192018102910201010002710261017002800186027601730273216302:0
Web Task Format: 1,1,2,2,2,2,3,3,3,3,1,1,2,2,2,2,2,3,3,3,1,1,2,2,2,2,2,3,3,3,1,1,1,1,4,4,4,4,4,4,1,1,1,5,5,6,6,6,7,7,1,1,5,5,6,6,6,6,7,7,1,8,8,5,5,6,6,9,9,7,8,8,8,5,8,8,9,9,9,9,8,8,8,8,8,8,9,9,9,9,8,10,10,10,10,10,9,9,9,91bMLLPMPbLLLPbLbLbLcLbLMLbbPLLbPbL~h:9602970298029902900282028402690159025802680278026912692169106902692179023802390246024702440245022402250226022702330232023102300242027402670264026202720254025421541041024002500251026002100211024301520253025402340235013701280248023602490129021902090206010502150216021702070288017702870289027502850257015602660255016502830293022302130203022201120221022001140104020202180108029502940192018102910201010002710261017002800186027601730273216302:0

#----------------------------------------------------------------------------
# Puzzle saved on: 2025-06-25 15:06:41
# Comment: aids
#----------------------------------------------------------------------------
SBN Format:      AA2e4WaGdqfKMJ94GX8418KxK6X4Ffa9X800100KH004H4H0H0141LHK0100K1040000~h:5602570248021802610260025002400269023402320230027702810228020602160226023602760286025502540262024202580213021402:S
Web Task Format: 1,1,1,1,2,2,2,3,3,3,1,1,1,1,2,2,2,3,3,3,1,1,2,2,2,2,2,3,3,3,1,4,2,5,2,5,5,6,6,6,7,4,4,5,5,5,8,8,6,6,7,4,4,4,4,5,5,8,6,6,7,7,4,4,4,5,8,8,8,9,7,7,7,10,10,10,10,9,9,9,7,7,10,10,10,10,10,9,9,9,7,7,7,10,10,10,9,9,9,900100KH004H4H0H0141LHK0100K1040000~h:5602570248021802610260025002400269023402320230027702810228020602160226023602760286025502540262024202580213021402:S

#----------------------------------------------------------------------------
# Puzzle saved on: 2025-06-25 15:51:03
# Comment: more aids
#----------------------------------------------------------------------------
SBN Format:      AA2e90e6XBNPAaWg4n84We75PKHIHvC291000000000G000000010G0G0005H0LaHML0~h:960283028802860251026102930182029202840294029102900295028501740275027602780225022521251025025502:O
Web Task Format: 1,1,1,2,2,2,3,3,3,3,1,1,1,1,2,2,3,3,3,3,1,1,1,1,4,2,2,3,3,3,1,1,1,4,4,4,2,2,3,5,6,6,4,4,7,4,2,2,3,5,6,6,6,7,7,7,2,2,5,5,6,8,8,8,7,7,7,5,5,5,8,8,8,8,7,7,9,9,5,5,8,8,8,8,10,10,10,9,5,5,8,8,8,10,10,10,9,9,9,9000000000G000000010G0G0005H0LaHML0~h:960283028802860251026102930182029202840294029102900295028501740275027602780225022521251025025502:O

